8	64	8.000000e+00	0.000000e+00	8.126811e-01	2.407035e-02	5.584961e-01	5.776886e-02	5.751370e-01	4.499842e-02	5.495928e-01	4.742117e-02	8.126811e-01	2.407035e-02
9	64	9.000000e+00	0.000000e+00	7.968918e-01	2.584431e-02	5.042208e-01	5.129795e-02	5.041588e-01	3.861348e-02	4.902983e-01	4.242430e-02	7.968918e-01	2.584431e-02
10	64	1.000000e+01	0.000000e+00	8.621888e-01	1.228022e-02	5.639988e-01	1.219748e-02	5.950828e-01	1.507788e-02	5.763870e-01	1.301705e-02	8.621888e-01	1.228022e-02
11	64	1.100000e+01	0.000000e+00	8.621885e-01	1.228428e-02	5.639601e-01	1.217535e-02	5.950075e-01	1.504915e-02	5.763300e-01	1.296846e-02	8.621885e-01	1.228428e-02
12	64	1.200000e+01	0.000000e+00	8.592707e-01	1.313256e-02	5.699904e-01	1.201547e-02	5.900992e-01	1.602233e-02	5.769260e-01	1.315368e-02	8.592707e-01	1.313256e-02
13	64	1.300000e+01	0.000000e+00	8.607463e-01	1.266013e-02	5.632188e-01	1.201986e-02	5.931252e-01	1.552494e-02	5.751200e-01	1.311958e-02	8.607463e-01	1.266013e-02
14	64	1.400000e+01	0.000000e+00	8.792124e-01	2.013843e-02	6.439770e-01	2.101441e-02	6.808556e-01	3.219923e-02	6.545958e-01	2.763784e-02	8.792124e-01	2.013843e-02
15	64	1.500000e+01	0.000000e+00	8.652421e-01	1.172562e-02	5.698869e-01	1.142868e-02	5.985028e-01	1.544693e-02	5.817115e-01	1.267644e-02	8.652421e-01	1.172562e-02
16	64	1.600000e+01	0.000000e+00	8.641809e-01	1.345785e-02	5.712563e-01	1.177093e-02	5.972380e-01	1.725130e-02	5.816196e-01	1.386480e-02	8.641809e-01	1.345785e-02
17	64	1.700000e+01	0.000000e+00	8.643093e-01	1.344107e-02	5.710651e-01	1.161562e-02	5.973833e-01	1.726278e-02	5.816036e-01	1.390717e-02	8.643093e-01	1.344107e-02
18	64	1.800000e+01	0.000000e+00	8.607490e-01	1.946922e-02	6.265399e-01	1.785515e-02	6.761555e-01	2.793977e-02	6.409308e-01	2.332784e-02	8.607490e-01	1.946922e-02
19	64	1.900000e+01	0.000000e+00	8.902120e-01	1.512141e-02	6.545887e-01	3.137384e-02	6.953599e-01	2.284483e-02	6.685285e-01	2.761155e-02	8.902120e-01	1.512141e-02
20	64	2.000000e+01	0.000000e+00	8.713075e-01	1.258903e-02	6.925378e-01	5.927641e-02	6.445182e-01	2.297217e-02	6.421733e-01	2.866156e-02	8.713075e-01	1.258903e-02
21	64	2.100000e+01	0.000000e+00	8.791211e-01	1.868480e-02	6.450193e-01	2.031280e-02	6.751868e-01	3.160705e-02	6.529229e-01	2.704551e-02	8.791211e-01	1.868480e-02
22	64	2.200000e+01	0.000000e+00	8.958705e-01	1.482736e-02	6.777549e-01	1.779522e-02	7.019858e-01	2.273104e-02	6.869758e-01	1.919383e-02	8.958705e-01	1.482736e-02
23	64	2.300000e+01	0.000000e+00	8.898504e-01	1.624130e-02	6.580373e-01	1.957261e-02	7.055138e-01	2.050611e-02	6.780972e-01	1.900614e-02	8.898504e-01	1.624130e-02
24	64	2.400000e+01	0.000000e+00	8.960109e-01	1.516456e-02	6.771955e-01	1.819688e-02	7.042615e-01	2.143179e-02	6.872786e-01	1.903758e-02	8.960109e-01	1.516456e-02
25	64	2.500000e+01	0.000000e+00	8.682942e-01	1.333733e-02	6.178620e-01	6.112754e-02	6.155237e-01	1.709655e-02	5.966853e-01	2.310146e-02	8.682942e-01	1.333733e-02
26	64	2.600000e+01	0.000000e+00	8.944131e-01	1.569539e-02	6.751776e-01	2.074619e-02	7.027946e-01	2.241663e-02	6.859977e-01	2.060198e-02	8.944131e-01	1.569539e-02
27	64	2.700000e+01	0.000000e+00	8.889125e-01	1.747148e-02	6.518925e-01	2.377812e-02	7.035197e-01	2.254054e-02	6.732063e-01	2.211498e-02	8.889125e-01	1.747148e-02
28	64	2.800000e+01	0.000000e+00	8.890325e-01	1.628804e-02	6.572756e-01	2.159303e-02	7.049688e-01	2.048136e-02	6.772964e-01	2.012589e-02	8.890325e-01	1.628804e-02
29	64	2.898438e+01	1.250000e-01	8.968827e-01	1.969639e-02	7.389339e-01	3.948261e-02	7.460650e-01	3.586244e-02	7.374226e-01	3.457048e-02	8.968827e-01	1.969639e-02
30	64	3.000000e+01	0.000000e+00	8.886882e-01	1.705066e-02	6.528002e-01	2.350049e-02	7.022425e-01	2.211514e-02	6.732655e-01	2.166055e-02	8.886882e-01	1.705066e-02
31	64	3.096875e+01	1.753681e-01	8.985369e-01	1.924108e-02	7.397663e-01	3.514638e-02	7.465511e-01	3.778219e-02	7.387814e-01	3.444143e-02	8.985369e-01	1.924108e-02
32	64	3.196875e+01	1.753681e-01	8.973415e-01	1.496827e-02	6.796242e-01	1.775692e-02	7.052863e-01	2.190854e-02	6.890744e-01	1.899383e-02	8.973415e-01	1.496827e-02
33	64	3.095312e+01	2.130420e-01	8.947775e-01	1.492888e-02	6.785027e-01	1.846401e-02	7.004385e-01	2.293570e-02	6.863074e-01	1.992282e-02	8.947775e-01	1.492888e-02
34	64	3.195312e+01	2.130420e-01	8.974153e-01	1.487344e-02	6.791067e-01	1.817790e-02	7.049345e-01	2.257795e-02	6.887117e-01	1.975570e-02	8.974153e-01	1.487344e-02
35	64	3.393750e+01	2.439750e-01	8.900667e-01	1.758489e-02	6.575855e-01	2.173894e-02	7.072090e-01	2.043262e-02	6.785116e-01	2.031484e-02	8.900667e-01	1.758489e-02
36	64	3.296875e+01	1.753681e-01	8.892839e-01	1.825523e-02	6.542205e-01	2.346154e-02	7.076644e-01	2.118400e-02	6.761379e-01	2.210974e-02	8.892839e-01	1.825523e-02
37	64	3.592188e+01	2.704897e-01	8.657728e-01	1.935325e-02	6.729939e-01	4.917319e-02	6.588865e-01	3.476217e-02	6.537150e-01	3.577055e-02	8.657728e-01	1.935325e-02
38	64	3.296875e+01	1.753681e-01	8.886115e-01	1.842113e-02	6.530769e-01	2.388879e-02	7.066318e-01	2.171190e-02	6.749933e-01	2.254345e-02	8.886115e-01	1.842113e-02
39	64	3.593750e+01	2.439750e-01	8.893859e-01	1.847116e-02	6.551613e-01	2.238628e-02	7.012214e-01	2.430858e-02	6.730744e-01	2.377831e-02	8.893859e-01	1.847116e-02
40	64	3.490625e+01	2.937848e-01	8.659130e-01	1.404507e-02	6.138213e-01	6.328098e-02	6.144153e-01	1.891429e-02	5.949509e-01	2.622256e-02	8.659130e-01	1.404507e-02
50	64	3.693750e+01	2.439750e-01	8.996775e-01	1.991362e-02	7.420746e-01	3.807445e-02	7.507004e-01	3.611779e-02	7.418738e-01	3.423245e-02	8.996775e-01	1.991362e-02
60	64	3.296875e+01	1.753681e-01	8.826159e-01	1.597328e-02	6.304465e-01	2.827279e-02	6.953490e-01	2.046866e-02	6.552561e-01	2.437713e-02	8.826159e-01	1.597328e-02
70	64	3.595312e+01	2.130420e-01	8.990405e-01	1.941031e-02	7.424760e-01	3.933369e-02	7.478427e-01	3.675027e-02	7.404772e-01	3.502423e-02	8.990405e-01	1.941031e-02
100	64	3.495312e+01	2.130420e-01	8.654655e-01	1.422078e-02	6.160282e-01	6.569769e-02	6.158416e-01	2.115416e-02	5.907205e-01	3.359211e-02	8.654655e-01	1.422078e-02
200	64	4.092188e+01	2.704897e-01	8.999635e-01	1.955029e-02	7.440795e-01	3.931510e-02	7.485475e-01	3.727010e-02	7.417463e-01	3.563460e-02	8.999635e-01	1.955029e-02
